MEMORY
  total            13.2 MB
  struct          159.1 KB
  buffer            9.0 KB
  arena            13.0 MB, used 0.3%

SIZES
  narena                13631488
  nbuffer               9232
  nplugin               0
  maxuse_stack          3040
  maxuse_arena          34244
  maxuse_con            8
  maxuse_efc            32
  ncon                  8
  ne                    0
  nf                    0
  nl                    0
  nefc                  32
  nJ                    192
  nA                    0
  nisland               1
  nidof                 6
  threadpool            0

TIMER
    0:  duration =  0.088      number = 1
    1:  duration =  0.086      number = 4
    2:  duration =  0          number = 0
    3:  duration =  0.052      number = 4
    4:  duration =  0.007      number = 4
    5:  duration =  0          number = 0
    6:  duration =  0.022      number = 4
    7:  duration =  0          number = 0
    8:  duration =  0.0047     number = 4
    9:  duration =  0.0016     number = 4
    10:  duration =  0.019      number = 4
    11:  duration =  0.024      number = 4
    12:  duration =  0.0003     number = 4
    13:  duration =  0.0063     number = 4
    14:  duration =  0.012      number = 4

SOLVER STAT
  solver_fwdinv =   0         0       
  ISLAND 0
    solver_niter = 1
    solver_nnz = 36
      0:  improvement =  0           gradient =  1.2e-15     lineslope =  0       
          nactive = 32   nchange = 0   neval = 2   nupdate = 0

ENERGY =   0         0       

TIME =  5.5     

QPOS
   0.4     
  -3.4e-15 
   0.05    
   1       
   2.2e-17 
  -5.2e-05 
  -2.2e-18 

QVEL
   1.2e-14 
   3.3e-17 
  -1.7e-15 
  -1.1e-15 
  -1e-16   
   2e-17   

QACC_WARMSTART
   4.4e-16 
   7e-16   
  -5.9e-16 
  -1.8e-14 
   1e-14   
   4e-16   

QFRC_APPLIED
  -19      
  -3.6e-14 
  -15      
   0       
   0       
   0       

XFRC_APPLIED
   0         0         0         0         0         0       
   0         0         0         0         0         0       
   0         0         0         0         0         0       
   0         0         0         0         0         0       
   0         0         0         0         0         0       
   0         0         0         0         0         0       
   0         0         0         0         0         0       

QACC
   4.4e-16 
   7e-16   
  -5.9e-16 
  -1.8e-14 
   1e-14   
   4e-16   

SENSOR
   0.001   
   1.3e-15 
   9.8     
  -1e-15   
  -1.2e-16 
   1.9e-17 

XPOS
   0         0         0       
   0         0         0       
   13        0        -0.5     
   26        0         0.2     
   26        0         0.4     
   26        0         0.58    
   0.4      -3.4e-15   0.05    

XQUAT
   1         0         0         0       
   1         0         0         0       
   0.71      0         0.71      0       
   1         0         0         0       
   0.99      0        -0.13      0       
   0.97      0        -0.26      0       
   1         2.2e-17  -5.2e-05  -2.2e-18 

XMAT
   1         0         0         0         1         0         0         0         1       
   1         0         0         0         1         0         0         0         1       
   0         0         1         0         1         0        -1         0         0       
   1         0         0         0         1         0         0         0         1       
   0.97     -0        -0.26      0         1        -0         0.26      0         0.97    
   0.87     -0        -0.5       0         1        -0         0.5       0         0.87    
   1         4.5e-18  -0.0001   -4.5e-18   1        -4.4e-17   0.0001    4.4e-17   1       

XIPOS
   0         0         0       
   0         0         0       
   13        0        -0.5     
   26        0         0.2     
   26        0         0.4     
   26        0         0.58    
   0.4      -3.4e-15   0.05    

XIMAT
   1         0         0         0         1         0         0         0         1       
   1         0         0         0         1         0         0         0         1       
   0         0         1         0         1         0        -1         0         0       
   1         0         0         0         1         0         0         0         1       
   0.97     -0        -0.26      0         1        -0         0.26      0         0.97    
   0.87     -0        -0.5       0         1        -0         0.5       0         0.87    
   1         4.5e-18  -0.0001   -4.5e-18   1        -4.4e-17   0.0001    4.4e-17   1       

XANCHOR
   0.4      -3.4e-15   0.05    

XAXIS
   0         0         1       

GEOM_XPOS
   0         0         0       
   0         0         0       
   13        0        -0.5     
   26        0         0.2     
   26        0         0.4     
   26        0         0.58    
   0.4      -3.4e-15   0.05    

GEOM_XMAT
   1         0         0         0         1         0         0         0         1       
   1         0         0         0         1         0         0         0         1       
   0         0         1         0         1         0        -1         0         0       
   1         0         0         0         1         0         0         0         1       
   0.97     -0        -0.26      0         1        -0         0.26      0         0.97    
   0.87     -0        -0.5       0         1        -0         0.5       0         0.87    
   1         4.5e-18  -0.0001   -4.5e-18   1        -4.4e-17   0.0001    4.4e-17   1       

SITE_XPOS
   0.4      -3.4e-15   0.05    

SITE_XMAT
   1         4.5e-18  -0.0001   -4.5e-18   1        -4.4e-17   0.0001    4.4e-17   1       

SUBTREE_COM
   20       -3.8e-17   0.099   
   0         0         0       
   13        0        -0.5     
   26        0         0.2     
   26        0         0.42    
   26        0         0.58    
   0.4      -3.4e-15   0.05    

CDOF
   0         0         0         1         0         0       
   0         0         0         0         1         0       
   0         0         0         0         0         1       
   1        -4.5e-18   0.0001   -0         0         0       
   4.5e-18   1         4.4e-17   0         0         0       
  -0.0001   -4.4e-17   1        -0         0         0       

CINERT
   0         0         0         0         0         0         0         0         0         0       
   0.23      0.23      0.43      0         0         0         0         0         0         16      
   0.00041   4.6e+02   4.6e+02   0         0         0         0         0         0         8.2     
   1.7       1.7       1.7       0        -3.9e-07   0        -0.001     0        -0.024     64      
   0.0041    0.0041    0.00016   0        -2e-05     0        -1.6e-06   0         0.02      0.1     
   0.0014    0.0016    0.00011   0        -0.0004    0         0.001     0         0.0038    0.0098  
   0.0042    0.014     0.017     4.5e-20  -1.3e-06  -1.1e-19   0         0         0         1       

CRB
   0         0         0         0         0         0         0         0         0         0       
   0.23      0.23      0.43      0         0         0         0         0         0         16      
   0.00041   4.6e+02   4.6e+02   0         0         0         0         0         0         8.2     
   1.7       1.7       1.7       0        -0.00042   0         5.3e-14   0         2.2e-16   64      
   0.0055    0.0056    0.00027   0        -0.00042   0         0.001     0         0.024     0.11    
   0.0014    0.0016    0.00011   0        -0.0004    0         0.001     0         0.0038    0.0098  
   0.0042    0.014     0.017     4.5e-20  -1.3e-06  -1.1e-19   0         0         0         1       

QM
   1       
   0         1       
   0         0         1       
   0         0         0         0.0042  
   0         0         0         0         0.014   
   0         0         0         0         0         0.017   

M
     0:  1       
     1:  1       
     2:  1       
     3:  0.0042  
     4:  0.014   
     5:  0.017   

QLD
     0:  1       
     1:  1       
     2:  1       
     3:  0.0042  
     4:  0.014   
     5:  0.017   

QLDIAGINV
   1       
   1       
   1       
   2.4e+02 
   71      
   60      

M: inertia structure
--------
 x      |
  x     |
   x    |
    x   |
     x  |
      x |
--------

iM: block-diagonal inertia (nnzs are island ids)
--------
 0      |
  0     |
   0    |
    0   |
     0  |
      0 |
--------

CONTACT
  0:
     dim           3
     geoms         floor : cart_body
     exclude       0
     efc_address   0
     solref         0.02      1       
     solimp         0.9       0.95      0.001     0.5       2       
     dist          -0.00027 
     includemargin  0       
     pos            0.2      -0.1      -0.00014 
     frame          0         0         1         0         1         0        -1         0         0       
     friction       1         1         0.1       0.1       0.1     
     mu             1       
     force          6.7       1.4e-14   6e-12     0         0         0       
  1:
     dim           3
     geoms         floor : cart_body
     exclude       0
     efc_address   4
     solref         0.02      1       
     solimp         0.9       0.95      0.001     0.5       2       
     dist          -0.00023 
     includemargin  0       
     pos            0.6      -0.1      -0.00011 
     frame          0         0         1         0         1         0        -1         0         0       
     friction       1         1         0.1       0.1       0.1     
     mu             1       
     force          5.5       8.7e-15   5.9e-12   0         0         0       
  2:
     dim           3
     geoms         floor : cart_body
     exclude       0
     efc_address   8
     solref         0.02      1       
     solimp         0.9       0.95      0.001     0.5       2       
     dist          -0.00027 
     includemargin  0       
     pos            0.2       0.1      -0.00014 
     frame          0         0         1         0         1         0        -1         0         0       
     friction       1         1         0.1       0.1       0.1     
     mu             1       
     force          6.7       1.4e-14   6e-12     0         0         0       
  3:
     dim           3
     geoms         floor : cart_body
     exclude       0
     efc_address   12
     solref         0.02      1       
     solimp         0.9       0.95      0.001     0.5       2       
     dist          -0.00023 
     includemargin  0       
     pos            0.6       0.1      -0.00011 
     frame          0         0         1         0         1         0        -1         0         0       
     friction       1         1         0.1       0.1       0.1     
     mu             1       
     force          5.5       8.9e-15   5.9e-12   0         0         0       
  4:
     dim           3
     geoms         1 : cart_body
     exclude       0
     efc_address   16
     solref         0.02      1       
     solimp         0.9       0.95      0.001     0.5       2       
     dist          -0.0002  
     includemargin  0       
     pos            0.2      -0.1       0.05    
     frame          1        -4.5e-18   0.0001    4.5e-18   1         4.7e-22  -0.0001    0         1       
     friction       1         1         0.1       0.1       0.1     
     mu             1       
     force          4.8      -1.8e-14   8e-13     0         0         0       
  5:
     dim           3
     geoms         1 : cart_body
     exclude       0
     efc_address   20
     solref         0.02      1       
     solimp         0.9       0.95      0.001     0.5       2       
     dist          -0.0002  
     includemargin  0       
     pos            0.2       0.1       0.05    
     frame          1        -4.5e-18   0.0001    4.5e-18   1         4.7e-22  -0.0001    0         1       
     friction       1         1         0.1       0.1       0.1     
     mu             1       
     force          4.8      -1.8e-14   9.2e-13   0         0         0       
  6:
     dim           3
     geoms         1 : cart_body
     exclude       0
     efc_address   24
     solref         0.02      1       
     solimp         0.9       0.95      0.001     0.5       2       
     dist          -0.0002  
     includemargin  0       
     pos            0.2      -0.1      -0.00027 
     frame          1        -4.5e-18   0.0001    4.5e-18   1         4.7e-22  -0.0001    0         1       
     friction       1         1         0.1       0.1       0.1     
     mu             1       
     force          4.7       1.4e-14   8e-13     0         0         0       
  7:
     dim           3
     geoms         1 : cart_body
     exclude       0
     efc_address   28
     solref         0.02      1       
     solimp         0.9       0.95      0.001     0.5       2       
     dist          -0.0002  
     includemargin  0       
     pos            0.2       0.1      -0.00027 
     frame          1        -4.5e-18   0.0001    4.5e-18   1         4.7e-22  -0.0001    0         1       
     friction       1         1         0.1       0.1       0.1     
     mu             1       
     force          4.7       1.4e-14   9.2e-13   0         0         0       

EFC_TYPE
  6
  6
  6
  6
  6
  6
  6
  6
  6
  6
  6
  6
  6
  6
  6
  6
  6
  6
  6
  6
  6
  6
  6
  6
  6
  6
  6
  6
  6
  6
  6
  6

EFC_ID
  0
  0
  0
  0
  1
  1
  1
  1
  2
  2
  2
  2
  3
  3
  3
  3
  4
  4
  4
  4
  5
  5
  5
  5
  6
  6
  6
  6
  7
  7
  7
  7

EFC_J
   0         1         1        -0.05      0.2      -0.2     
   0        -1         1        -0.15      0.2       0.2     
  -1         0         1        -0.1       0.25     -0.1     
   1         0         1        -0.1       0.15      0.1     
   0         1         1        -0.05     -0.2       0.2     
   0        -1         1        -0.15     -0.2      -0.2     
  -1         0         1        -0.1      -0.15     -0.1     
   1         0         1        -0.1      -0.25      0.1     
   0         1         1         0.15      0.2      -0.2     
   0        -1         1         0.05      0.2       0.2     
  -1         0         1         0.1       0.25      0.1     
   1         0         1         0.1       0.15     -0.1     
   0         1         1         0.15     -0.2       0.2     
   0        -1         1         0.05     -0.2      -0.2     
  -1         0         1         0.1      -0.15      0.1     
   1         0         1         0.1      -0.25     -0.1     
   1         1         0.0001   -0.00027   0.00027  -0.1     
   1        -1         0.0001    0.00027   0.00027   0.3     
   1        -4.5e-18   1        -0.1       0.2       0.1     
   1        -4.5e-18  -1         0.1      -0.2       0.1     
   1         1         0.0001   -0.00027   0.00027  -0.3     
   1        -1         0.0001    0.00027   0.00027   0.1     
   1        -4.5e-18   1         0.1       0.2      -0.1     
   1        -4.5e-18  -1        -0.1      -0.2      -0.1     
   1         1         0.0001    0.05     -0.05     -0.1     
   1        -1         0.0001   -0.05     -0.05      0.3     
   1        -4.5e-18   1        -0.1       0.15      0.1     
   1        -4.5e-18  -1         0.1      -0.25      0.1     
   1         1         0.0001    0.05     -0.05     -0.3     
   1        -1         0.0001   -0.05     -0.05      0.1     
   1        -4.5e-18   1         0.1       0.15     -0.1     
   1        -4.5e-18  -1        -0.1      -0.25     -0.1     

IEFC_J
   0         1         1        -0.05      0.2      -0.2     
   0        -1         1        -0.15      0.2       0.2     
  -1         0         1        -0.1       0.25     -0.1     
   1         0         1        -0.1       0.15      0.1     
   0         1         1        -0.05     -0.2       0.2     
   0        -1         1        -0.15     -0.2      -0.2     
  -1         0         1        -0.1      -0.15     -0.1     
   1         0         1        -0.1      -0.25      0.1     
   0         1         1         0.15      0.2      -0.2     
   0        -1         1         0.05      0.2       0.2     
  -1         0         1         0.1       0.25      0.1     
   1         0         1         0.1       0.15     -0.1     
   0         1         1         0.15     -0.2       0.2     
   0        -1         1         0.05     -0.2      -0.2     
  -1         0         1         0.1      -0.15      0.1     
   1         0         1         0.1      -0.25     -0.1     
   1         1         0.0001   -0.00027   0.00027  -0.1     
   1        -1         0.0001    0.00027   0.00027   0.3     
   1        -4.5e-18   1        -0.1       0.2       0.1     
   1        -4.5e-18  -1         0.1      -0.2       0.1     
   1         1         0.0001   -0.00027   0.00027  -0.3     
   1        -1         0.0001    0.00027   0.00027   0.1     
   1        -4.5e-18   1         0.1       0.2      -0.1     
   1        -4.5e-18  -1        -0.1      -0.2      -0.1     
   1         1         0.0001    0.05     -0.05     -0.1     
   1        -1         0.0001   -0.05     -0.05      0.3     
   1        -4.5e-18   1        -0.1       0.15      0.1     
   1        -4.5e-18  -1         0.1      -0.25      0.1     
   1         1         0.0001    0.05     -0.05     -0.3     
   1        -1         0.0001   -0.05     -0.05      0.1     
   1        -4.5e-18   1         0.1       0.15     -0.1     
   1        -4.5e-18  -1        -0.1      -0.25     -0.1     

EFC_POS
  -0.00027 
  -0.00027 
  -0.00027 
  -0.00027 
  -0.00023 
  -0.00023 
  -0.00023 
  -0.00023 
  -0.00027 
  -0.00027 
  -0.00027 
  -0.00027 
  -0.00023 
  -0.00023 
  -0.00023 
  -0.00023 
  -0.0002  
  -0.0002  
  -0.0002  
  -0.0002  
  -0.0002  
  -0.0002  
  -0.0002  
  -0.0002  
  -0.0002  
  -0.0002  
  -0.0002  
  -0.0002  
  -0.0002  
  -0.0002  
  -0.0002  
  -0.0002  

EFC_MARGIN
   0       
   0       
   0       
   0       
   0       
   0       
   0       
   0       
   0       
   0       
   0       
   0       
   0       
   0       
   0       
   0       
   0       
   0       
   0       
   0       
   0       
   0       
   0       
   0       
   0       
   0       
   0       
   0       
   0       
   0       
   0       
   0       

EFC_FRICTIONLOSS
   0       
   0       
   0       
   0       
   0       
   0       
   0       
   0       
   0       
   0       
   0       
   0       
   0       
   0       
   0       
   0       
   0       
   0       
   0       
   0       
   0       
   0       
   0       
   0       
   0       
   0       
   0       
   0       
   0       
   0       
   0       
   0       

EFC_DIAGAPPROX
   4       
   4       
   4       
   4       
   4       
   4       
   4       
   4       
   4       
   4       
   4       
   4       
   4       
   4       
   4       
   4       
   4       
   4       
   4       
   4       
   4       
   4       
   4       
   4       
   4       
   4       
   4       
   4       
   4       
   4       
   4       
   4       

EFC_KBIP
   2.8e+03   1.1e+02   0.91     -54      
   2.8e+03   1.1e+02   0.91     -54      
   2.8e+03   1.1e+02   0.91     -54      
   2.8e+03   1.1e+02   0.91     -54      
   2.8e+03   1.1e+02   0.91     -46      
   2.8e+03   1.1e+02   0.91     -46      
   2.8e+03   1.1e+02   0.91     -46      
   2.8e+03   1.1e+02   0.91     -46      
   2.8e+03   1.1e+02   0.91     -54      
   2.8e+03   1.1e+02   0.91     -54      
   2.8e+03   1.1e+02   0.91     -54      
   2.8e+03   1.1e+02   0.91     -54      
   2.8e+03   1.1e+02   0.91     -46      
   2.8e+03   1.1e+02   0.91     -46      
   2.8e+03   1.1e+02   0.91     -46      
   2.8e+03   1.1e+02   0.91     -46      
   2.8e+03   1.1e+02   0.9      -41      
   2.8e+03   1.1e+02   0.9      -41      
   2.8e+03   1.1e+02   0.9      -41      
   2.8e+03   1.1e+02   0.9      -41      
   2.8e+03   1.1e+02   0.9      -41      
   2.8e+03   1.1e+02   0.9      -41      
   2.8e+03   1.1e+02   0.9      -41      
   2.8e+03   1.1e+02   0.9      -41      
   2.8e+03   1.1e+02   0.9      -40      
   2.8e+03   1.1e+02   0.9      -40      
   2.8e+03   1.1e+02   0.9      -40      
   2.8e+03   1.1e+02   0.9      -40      
   2.8e+03   1.1e+02   0.9      -40      
   2.8e+03   1.1e+02   0.9      -40      
   2.8e+03   1.1e+02   0.9      -40      
   2.8e+03   1.1e+02   0.9      -40      

EFC_D
   2.4     
   2.4     
   2.4     
   2.4     
   2.4     
   2.4     
   2.4     
   2.4     
   2.4     
   2.4     
   2.4     
   2.4     
   2.4     
   2.4     
   2.4     
   2.4     
   2.4     
   2.4     
   2.4     
   2.4     
   2.4     
   2.4     
   2.4     
   2.4     
   2.4     
   2.4     
   2.4     
   2.4     
   2.4     
   2.4     
   2.4     
   2.4     

EFC_R
   0.41    
   0.41    
   0.41    
   0.41    
   0.42    
   0.42    
   0.42    
   0.42    
   0.41    
   0.41    
   0.41    
   0.41    
   0.42    
   0.42    
   0.42    
   0.42    
   0.42    
   0.42    
   0.42    
   0.42    
   0.42    
   0.42    
   0.42    
   0.42    
   0.42    
   0.42    
   0.42    
   0.42    
   0.42    
   0.42    
   0.42    
   0.42    

CVEL
   0         0         0         0         0         0       
   0         0         0         0         0         0       
   0         0         0         0         0         0       
   0         0         0         0         0         0       
   0         0         0         0         0         0       
   0         0         0         0         0         0       
  -1.1e-15  -1e-16     2e-17     1.2e-14   3.3e-17  -1.7e-15 

CDOF_DOT
   0         0         0         0         0         0       
   0         0         0         0         0         0       
   0         0         0         0         0         0       
   0         0        -0         3.5e-21  -1.7e-15  -3.3e-17 
   0         0         0         1.7e-15  -5.3e-31   1.2e-14 
   0        -0         0         3.3e-17  -1.2e-14   3.5e-21 

QFRC_BIAS
   2.2e-47 
   0       
   9.8     
  -5.1e-36 
   2.7e-34 
   1.1e-33 

QFRC_SPRING
   0       
   0       
   0       
   0       
   0       
   0       

QFRC_DAMPER
   0       
   0       
   0       
   0       
   0       
   0       

QFRC_GRAVCOMP
   0       
   0       
   0       
   0       
   0       
   0       

QFRC_FLUID
   0       
   0       
   0       
   0       
   0       
   0       

QFRC_PASSIVE
   0       
   0       
   0       
   0       
   0       
   0       

EFC_VEL
  -1.7e-15 
  -1.6e-15 
  -1.3e-14 
   1e-14   
  -1.6e-15 
  -1.6e-15 
  -1.3e-14 
   1e-14   
  -1.9e-15 
  -1.8e-15 
  -1.4e-14 
   9.8e-15 
  -1.8e-15 
  -1.8e-15 
  -1.3e-14 
   9.9e-15 
   1.2e-14 
   1.2e-14 
   1e-14   
   1.3e-14 
   1.2e-14 
   1.2e-14 
   9.8e-15 
   1.4e-14 
   1.2e-14 
   1.2e-14 
   1e-14   
   1.3e-14 
   1.2e-14 
   1.2e-14 
   9.8e-15 
   1.4e-14 

EFC_AREF
   0.68    
   0.68    
   0.68    
   0.68    
   0.58    
   0.58    
   0.58    
   0.58    
   0.68    
   0.68    
   0.68    
   0.68    
   0.58    
   0.58    
   0.58    
   0.58    
   0.51    
   0.51    
   0.51    
   0.51    
   0.51    
   0.51    
   0.51    
   0.51    
   0.5     
   0.5     
   0.5     
   0.5     
   0.5     
   0.5     
   0.5     
   0.5     

SUBTREE_LINVEL
   0         0         0       
   0         0         0       
   0         0         0       
   0         0         0       
   0         0         0       
   0         0         0       
   0         0         0       

SUBTREE_ANGMOM
   0         0         0       
   0         0         0       
   0         0         0       
   0         0         0       
   0         0         0       
   0         0         0       
   0         0         0       

QFRC_ACTUATOR
   0       
   0       
   0       
   0       
   0       
   0       

QFRC_SMOOTH
  -19      
  -3.6e-14 
  -24      
   5.1e-36 
  -2.7e-34 
  -1.1e-33 

QACC_SMOOTH
  -19      
  -3.6e-14 
  -24      
   1.2e-33 
  -1.9e-32 
  -6.5e-32 

EFC_B
  -25      
  -25      
  -6       
  -44      
  -25      
  -25      
  -5.9     
  -44      
  -25      
  -25      
  -6       
  -44      
  -25      
  -25      
  -5.9     
  -44      
  -20      
  -20      
  -44      
   4.8     
  -20      
  -20      
  -44      
   4.8     
  -20      
  -20      
  -44      
   4.8     
  -20      
  -20      
  -44      
   4.8     

EFC_FORCE
   1.7     
   1.7     
   1.7     
   1.7     
   1.4     
   1.4     
   1.4     
   1.4     
   1.7     
   1.7     
   1.7     
   1.7     
   1.4     
   1.4     
   1.4     
   1.4     
   1.2     
   1.2     
   1.2     
   1.2     
   1.2     
   1.2     
   1.2     
   1.2     
   1.2     
   1.2     
   1.2     
   1.2     
   1.2     
   1.2     
   1.2     
   1.2     

EFC_STATE
  1
  1
  1
  1
  1
  1
  1
  1
  1
  1
  1
  1
  1
  1
  1
  1
  1
  1
  1
  0
  1
  1
  1
  0
  1
  1
  1
  0
  1
  1
  1
  0

QFRC_CONSTRAINT
   19      
   3.7e-14 
   24      
  -8.3e-17 
  -5.6e-16 
   3.3e-16 

QFRC_INVERSE
   0       
   0       
   0       
   0       
   0       
   0       

CACC
   0         0         0        -0        -0         9.8     
   0         0         0         0         0         9.8     
   0         0         0         0         0         9.8     
   0         0         0         0         0         9.8     
   0         0         0         0         0         9.8     
   0         0         0         0         0         9.8     
  -2.2e-14   1.2e-14   7.2e-16   5.1e-16   8.9e-16   9.8     

CFRC_INT
   2.6e-14   0.48      6.4e-14   2.4e-11  -4.5e-14   8.5e+02 
   2.6e-14   0.48      6.4e-14   19       -8.1e-15   1.6e+02 
   0         0         0         0         0         80      
   0        -5.2e-13   0         0         0         6.3e+02 
   0        -0.01      0         0         0         1.1     
   0        -0.01      0         0         0         0.096   
  -1.8e-16   3.4e-16  -4.3e-17  -19       -3.7e-14  -15      

CFRC_EXT
   0         0         0         0         0         0       
  -2.6e-14  -0.48     -6.4e-14  -19        8.1e-15  -0.002   
   0         0         0         0         0         0       
   0         0         0         0         0         0       
   0         0         0         0         0         0       
   0         0         0         0         0         0       
   8.5e-17  -1.7e-16   5.6e-17   19        3.7e-14   24      

DOF_ISLAND            0 0 0 0 0 0

ISLAND_NV             6

ISLAND_IDOFADR        0

MAP_IDOF2DOF          0 1 2 3 4 5

EFC_ISLAND            0 0 0 0 0 0 0 0 0 0 0 0 0 0 0 0 0 0 0 0 0 0 0 0 0 0 0 0 0 0 0 0

ISLAND_NEFC           32

ISLAND_IEFCADR        0

MAP_IEFC2EFC          0 1 2 3 4 5 6 7 8 9 10 11 12 13 14 15 16 17 18 19 20 21 22 23 24 25 26 27 28 29 30 31

